1 1 43895 0.2805 200
2 4 72286 0.3452 161
3 3 66195 0.3312 200
4 2 67676 0.3018 166
5 4 50970 0.3485 194
6 2 42371 0.3016 171
7 1 72525 0.2848 157
8 3 54215 0.3287 159
9 4 57980 0.337 194
10 2 62855 0.2991 186
11 1 56434 0.2912 169
12 3 50909 0.3345 167
13 4 61908 0.3337 167
14 3 55006 0.3111 170
15 1 69574 0.2929 169
16 4 75589 0.3533 180
17 4 77961 0.3545 162
18 4 75524 0.338 163
19 4 63142 0.3401 177
20 2 43222 0.3002 183
21 3 73704 0.3268 175
22 2 86775 0.3144 151
23 2 73300 0.2908 175
24 1 51973 0.2949 195
25 1 74226 0.2813 168
26 1 60464 0.27 181
27 3 65416 0.3267 178
28 4 55358 0.3412 156
29 2 68849 0.3038 185
30 1 55903 0.2767 190
31 4 72080 0.3453 200
32 4 76744 0.3326 184
33 4 82936 0.3343 161
34 1 85122 0.2945 161
35 4 60262 0.3305 196
36 4 66287 0.3528 170
37 3 63200 0.3231 163
38 3 58251 0.3167 182
39 2 92401 0.3021 191
40 2 40139 0.3033 151
41 3 54578 0.3245 189
42 1 64514 0.2719 175
43 2 65508 0.3129 194
44 2 64355 0.3051 158
45 1 63783 0.2777 156
46 3 61419 0.3331 150
47 2 72540 0.295 176
48 1 44084 0.275 167
49 1 55001 0.2875 178
50 4 54232 0.3532 168
51 4 61198 0.336 173
52 2 56125 0.296 173
53 4 68471 0.343 197
54 3 67560 0.3284 185
55 2 66785 0.2943 190
56 2 49789 0.3117 164
57 4 50079 0.3496 162
58 2 60997 0.3097 153
59 4 61380 0.3378 177
60 1 68941 0.2776 155
61 1 65883 0.2831 176
62 1 76737 0.2762 176
63 2 43729 0.3004 192
64 2 73465 0.3135 180
65 3 68311 0.3183 190
66 3 62982 0.3312 176
67 1 58858 0.2746 185
68 4 75079 0.347 182
69 3 64669 0.3158 169
70 3 77280 0.3108 187
71 2 60787 0.2945 156
72 3 42742 0.333 195
73 4 53926 0.341 153
74 1 55150 0.2834 185
75 4 65769 0.3539 199
76 2 59204 0.2933 151
77 2 71622 0.2967 194
78 1 62910 0.2866 171
79 1 71059 0.2893 181
80 3 67171 0.3239 167
81 4 70108 0.3429 167
82 1 61987 0.2804 162
83 2 37378 0.3058 187
84 3 57013 0.3218 198
85 3 62450 0.3152 171
86 3 52826 0.3159 156
87 4 72313 0.3467 162
88 2 64695 0.3065 182
89 2 57039 0.2945 161
90 3 57457 0.3326 176
91 2 62125 0.2955 191
92 3 64202 0.3237 159
93 3 68039 0.3273 183
94 3 79269 0.3213 151
95 3 59790 0.3217 185
96 4 45136 0.3533 180
97 2 67846 0.3039 172
98 2 72309 0.2935 186
99 1 66999 0.277 157
100 4 68334 0.341 193
101 1 48530 0.2763 161
102 2 58389 0.3053 166
103 4 65914 0.3327 184
104 4 55521 0.3315 164
105 4 52831 0.3382 152
106 3 92684 0.3275 159
107 3 50909 0.3207 193
108 1 66436 0.2813 185
109 2 55358 0.2969 159
110 1 55829 0.2843 155
111 4 79128 0.3394 180
112 1 75414 0.2924 167
113 4 60038 0.331 157
114 4 56029 0.342 192
115 4 67518 0.3436 188
116 4 44526 0.3402 150
117 4 74814 0.3321 198
118 2 62189 0.3079 196
119 2 63192 0.3094 194
120 2 48939 0.2949 169
121 4 70260 0.34 182
122 3 47998 0.3246 157
123 4 50902 0.3331 180
124 1 73461 0.2783 159
125 4 44842 0.3403 192
126 3 68498 0.3128 165
127 1 71457 0.276 169
128 4 59013 0.3313 165
129 3 74624 0.3196 166
130 4 65693 0.3437 187
131 2 82745 0.3028 197
132 3 62854 0.3293 193
133 3 57230 0.3279 177
134 4 66258 0.3368 166
135 3 62988 0.3173 157
136 4 69774 0.3534 179
137 2 53249 0.3084 188
138 4 57210 0.3444 198
139 4 63051 0.3334 187
140 3 85563 0.323 196
141 3 51645 0.3345 186
142 1 50972 0.2727 181
143 2 36968 0.2936 170
144 3 69853 0.3307 188
145 1 57823 0.2767 173
146 4 68119 0.3358 184
147 2 76339 0.3006 174
148 3 54482 0.3121 182
149 4 61512 0.3413 181
150 4 39155 0.3546 161
151 2 63887 0.3136 163
152 1 68165 0.2819 153
153 3 56259 0.333 150
154 1 53312 0.2702 191
155 3 68260 0.3188 190
156 2 73073 0.3002 191
157 1 59093 0.2853 184
158 1 74197 0.2913 184
159 4 74071 0.3377 188
160 2 70073 0.3072 157
161 4 53544 0.3426 188
162 1 58156 0.2842 180
163 2 46772 0.3038 193
164 4 66782 0.3423 193
165 2 62027 0.3 161
166 2 67408 0.2932 182
167 1 77892 0.2904 156
168 4 63148 0.3546 177
169 2 65545 0.3067 154
170 2 56692 0.301 187
171 3 70568 0.3322 183
172 2 54224 0.3066 198
173 2 69026 0.2958 150
174 4 71627 0.339 178
175 3 58619 0.3329 153
176 4 73101 0.3438 187
177 1 79812 0.2901 171
178 1 58409 0.2739 168
179 1 68649 0.288 174
180 1 53177 0.2828 179
181 3 64089 0.3288 156
182 2 63402 0.312 162
183 1 60030 0.2858 155
184 3 73794 0.3159 186
185 2 67032 0.2951 152
186 2 54109 0.3009 198
187 1 74254 0.2818 187
188 1 65583 0.2908 188
189 3 53682 0.3152 180
190 3 65587 0.3101 174
191 4 57761 0.3435 166
192 4 48622 0.3457 162
193 3 75991 0.3288 159
194 3 73683 0.3217 187
195 2 68435 0.3079 189
196 3 51555 0.3256 153
197 4 46352 0.3354 156
198 4 50514 0.342 153
199 2 60020 0.2926 171
200 2 61600 0.3073 196
201 4 63889 0.3495 161
202 3 65652 0.3123 198
203 3 70517 0.3194 195
204 4 63913 0.3432 199
205 3 47495 0.3241 175
206 1 53959 0.2936 154
207 1 67968 0.276 158
208 3 63564 0.3232 198
209 2 74335 0.3109 175
210 2 72939 0.2968 173
211 3 69752 0.3314 154
212 2 41636 0.3097 160
213 2 73208 0.3077 158
214 2 55884 0.3117 198
215 1 69999 0.2886 183
216 2 56171 0.3056 176
217 1 46817 0.2809 169
218 1 69466 0.2871 176
219 2 66538 0.3074 181
220 3 52792 0.3225 182
221 1 76186 0.2851 199
222 3 57886 0.3317 156
223 2 47931 0.2955 194
224 1 62732 0.2897 162
225 2 72112 0.3114 175
226 3 67043 0.3107 166
227 2 39548 0.29 158
228 4 64518 0.3479 183
229 1 35604 0.2886 164
230 3 64287 0.3316 166
231 1 78664 0.2831 159
232 3 60652 0.3249 165
233 3 64281 0.3121 156
234 1 72020 0.2877 179
235 3 53825 0.3133 164
236 2 64378 0.3016 180
237 4 66957 0.342 196
238 3 66812 0.315 153
239 1 54743 0.2905 166
240 4 71292 0.3437 188
241 4 65315 0.3402 188
242 3 65568 0.315 192
243 4 56330 0.3342 171
244 3 83505 0.3294 197
245 2 78186 0.3028 193
246 1 58742 0.2917 170
247 4 82921 0.335 187
248 1 58556 0.2734 182
249 2 54681 0.2956 165
250 1 66231 0.2855 151
251 2 79924 0.3018 190
252 2 43770 0.3 161
253 4 69736 0.3405 183
254 1 70647 0.2865 183
255 1 60235 0.2936 156
256 4 63412 0.3525 161
257 2 51779 0.3039 153
258 1 53334 0.2872 154
259 3 55554 0.3155 166
260 2 68902 0.3113 170
261 4 64110 0.3437 166
262 1 59770 0.284 156
263 1 55165 0.2838 172
264 3 56426 0.3203 160
265 2 48346 0.3141 187
266 3 63797 0.3178 169
267 4 46077 0.3411 173
268 3 61681 0.3298 167
269 1 52618 0.2746 197
270 2 73986 0.2984 166
271 2 68458 0.3024 170
272 1 59405 0.2801 199
273 4 61913 0.3363 195
274 4 69170 0.3517 198
275 2 36644 0.2923 163
276 3 45891 0.3212 199
277 3 79653 0.3259 198
278 1 58764 0.2773 172
279 4 75091 0.355 182
280 3 62127 0.3233 184
281 1 73914 0.2806 151
282 4 43525 0.3445 170
283 2 64416 0.2975 162
284 1 65975 0.285 174
285 3 62310 0.3346 172
286 3 51778 0.3242 197
287 2 51548 0.2957 173
288 2 68414 0.2967 190
289 2 53958 0.3073 179
290 2 64472 0.2967 197
291 2 65462 0.3131 184
292 4 55221 0.3333 198
293 1 70927 0.2703 177
294 4 76232 0.3484 182
295 4 51772 0.3328 186
296 3 65185 0.3237 172
297 2 69524 0.3036 160
298 1 72380 0.2824 169
299 3 45187 0.3145 151
300 1 57754 0.2795 164
301 3 53903 0.3253 197
302 1 52727 0.2802 158
303 4 69276 0.3424 176
304 4 65874 0.335 178
305 1 79087 0.2915 179
306 4 59499 0.3507 196
307 2 64977 0.3119 153
308 3 60831 0.3243 159
309 3 66952 0.3272 184
310 4 71982 0.3494 155
311 1 67573 0.2786 174
312 4 41647 0.3402 157
313 4 51434 0.3309 200
314 3 66939 0.3251 181
315 1 55007 0.2709 168
316 3 75272 0.3129 184
317 3 68560 0.3251 189
318 3 60439 0.3302 181
319 4 65522 0.335 166
320 4 82539 0.3301 162
321 3 56769 0.3112 167
322 4 50724 0.3334 161
323 2 67649 0.2989 152
324 1 61228 0.2803 174
325 4 51882 0.3548 193
326 4 64419 0.3356 184
327 2 64630 0.301 186
328 3 54769 0.3285 152
329 1 56910 0.2701 154
330 4 73555 0.3369 186
331 2 53966 0.3104 162
332 4 86045 0.334 191
333 4 67015 0.3406 198
334 4 48022 0.339 166
335 2 46598 0.309 187
336 4 50998 0.3538 185
337 3 61241 0.313 196
338 3 65120 0.3105 192
339 1 50740 0.2802 181
340 1 70501 0.2843 165
341 4 76602 0.3353 187
342 2 69173 0.3093 200
343 4 76439 0.3545 180
344 2 68506 0.3081 172
345 1 72068 0.2808 200
346 1 65900 0.2863 192
347 1 64935 0.2732 189
348 2 82800 0.3117 167
349 2 67771 0.3085 158
350 2 54453 0.2965 161
351 4 47773 0.3421 167
352 4 72628 0.3547 170
353 2 68941 0.2953 152
354 2 67515 0.3116 176
355 4 63556 0.3324 165
356 3 94131 0.3322 179
357 2 70961 0.3085 162
358 2 56882 0.2903 172
359 1 48189 0.2851 168
360 3 77158 0.3341 170
361 1 66409 0.2815 181
362 3 69826 0.327 193
363 1 68554 0.2853 190
364 3 68343 0.3133 194
365 3 49363 0.329 172
366 4 48388 0.3362 187
367 2 59732 0.2904 180
368 2 51018 0.2992 178
369 1 64966 0.288 164
370 3 68277 0.3232 171
371 1 83348 0.2844 177
372 3 69600 0.3138 156
373 1 45967 0.2941 192
374 3 59341 0.3186 169
375 4 59682 0.3387 166
376 3 69455 0.3254 156
377 4 57175 0.3376 191
378 1 53231 0.2766 176
379 2 78073 0.3149 180
380 4 56584 0.3366 190
381 2 59390 0.2903 183
382 4 65294 0.3513 187
383 1 57793 0.2831 190
384 4 66804 0.3352 188
385 3 73743 0.3224 185
386 2 56700 0.2972 179
387 1 73591 0.2882 169
388 1 57684 0.2728 159
389 4 49399 0.3313 195
390 4 57442 0.3306 174
391 4 63599 0.3506 163
392 1 61342 0.2903 157
393 1 58007 0.279 156
394 2 85509 0.3083 168
395 1 50511 0.2948 162
396 2 61576 0.3142 165
397 2 67382 0.3088 182
398 3 44790 0.3119 183
399 2 65148 0.3038 184
400 1 66112 0.2743 180
401 1 72480 0.2893 158
402 1 58633 0.2911 155
403 1 67447 0.2796 193
404 4 82807 0.3317 158
405 1 61049 0.2828 178
406 2 75902 0.3068 177
407 1 57603 0.2822 154
408 1 50071 0.2744 160
409 2 64511 0.3111 168
410 4 52281 0.3444 181
411 1 64681 0.2815 163
412 4 47718 0.3315 199
413 4 59787 0.3533 161
414 1 58667 0.286 172
415 4 69388 0.3496 161
416 1 45193 0.2936 167
417 3 53505 0.3264 155
418 2 83412 0.3105 164
419 1 61185 0.2864 169
420 2 63677 0.3088 173
421 3 67413 0.3137 191
422 1 63443 0.2703 151
423 1 66606 0.278 158
424 1 50737 0.2796 168
425 2 72716 0.2987 197
426 1 68275 0.2931 185
427 1 81209 0.2896 198
428 3 51130 0.3225 190
429 3 66246 0.3319 170
430 1 58774 0.2721 197
431 3 52986 0.3282 159
432 4 61798 0.3538 152
433 1 83335 0.2878 192
434 2 66278 0.293 188
435 4 65183 0.3371 194
436 1 61713 0.2843 193
437 4 66037 0.3479 194
438 2 46688 0.2932 168
439 1 50697 0.2846 159
440 4 90534 0.3305 192
441 1 53125 0.2875 166
442 2 64257 0.2981 194
443 2 58380 0.3095 164
444 1 75234 0.2757 183
445 3 65646 0.3118 170
446 3 62049 0.31 168
447 1 75699 0.2706 185
448 2 79348 0.3082 168
449 4 48032 0.3481 192
450 3 55962 0.3138 159
451 2 68032 0.3015 153
452 1 52313 0.2905 181
453 3 52165 0.3348 199
454 1 83905 0.2726 164
455 4 53010 0.3394 161
456 1 71136 0.2849 167
457 2 39983 0.2921 155
458 3 60117 0.3213 186
459 2 64357 0.2993 182
460 3 69344 0.3211 163
461 3 65490 0.3147 180
462 3 55721 0.3126 191
463 4 76322 0.3339 191
464 3 70486 0.3305 159
465 4 60663 0.3363 161
466 4 78783 0.3436 194
467 2 64992 0.3018 171
468 2 51061 0.3044 179
469 3 58534 0.3178 183
470 2 77444 0.2917 198
471 3 64911 0.3227 182
472 4 65089 0.3385 161
473 2 74514 0.3038 158
474 2 71290 0.3091 190
475 1 44555 0.29 173
476 4 65184 0.3379 188
477 3 57308 0.3288 184
478 4 69527 0.3409 192
479 4 71666 0.3477 162
480 4 51790 0.3458 173
481 4 58675 0.352 167
482 1 59483 0.2845 177
483 1 84522 0.2775 162
484 2 59784 0.3044 186
485 3 62031 0.3143 161
486 3 55329 0.3272 167
487 3 69629 0.3205 165
488 1 72586 0.2759 200
489 2 66692 0.299 199
490 4 48134 0.3496 180
491 3 57562 0.327 168
492 4 66270 0.3417 179
493 1 78858 0.2893 153
494 2 58227 0.2961 160
495 4 52815 0.3406 194
496 3 58081 0.3332 178
497 4 62733 0.3378 165
498 4 69169 0.3476 153
499 3 59754 0.3165 177
500 2 72417 0.3066 156
501 1 71493 0.2888 170
502 1 79031 0.294 195
503 2 59299 0.2992 199
504 3 48012 0.3347 164
505 1 62861 0.2867 185
506 3 66657 0.3225 174
507 2 73108 0.314 154
508 4 60903 0.3471 153
509 4 72326 0.3381 173
510 4 68759 0.3439 169
511 3 46694 0.3271 160
512 1 67158 0.2788 163
513 2 83434 0.3003 199
514 1 66260 0.2862 168
515 2 50216 0.3055 172
516 1 66065 0.2743 190
517 1 60614 0.2853 169
518 3 59336 0.3115 182
519 3 40452 0.3227 160
520 4 67258 0.3423 153
521 3 77619 0.3326 178
522 3 53081 0.3139 178
523 2 43522 0.3072 177
524 3 79304 0.3119 195
525 1 81873 0.2783 151
526 3 55366 0.3217 185
527 1 69081 0.2751 161
528 3 61695 0.3326 186
529 3 65495 0.327 154
530 2 63415 0.3107 192
531 4 57570 0.3386 197
532 4 56922 0.3488 156
533 1 60586 0.2744 196
534 1 84397 0.2726 184
535 2 64862 0.3027 175
536 1 53485 0.2827 161
537 3 66024 0.3203 180
538 4 71803 0.3534 160
539 2 64100 0.2997 168
540 3 48099 0.3231 175
541 3 47890 0.3333 168
542 3 76002 0.3154 151
543 2 77753 0.2979 167
544 2 57192 0.3129 188
545 4 72448 0.3547 180
546 4 48150 0.3366 183
547 4 51282 0.3404 164
548 1 59442 0.2887 175
549 4 49798 0.3415 161
550 4 49787 0.3428 184
551 3 71394 0.3142 189
552 3 62049 0.3229 151
553 4 53050 0.3342 199
554 1 55405 0.2848 168
555 2 44433 0.2966 165
556 2 51749 0.2917 155
557 4 64835 0.334 176
558 4 74181 0.3534 194
559 2 56138 0.302 170
560 4 65686 0.3524 186
561 1 53219 0.2823 171
562 3 56406 0.311 158
563 1 67404 0.2818 169
564 1 55485 0.2842 182
565 2 80413 0.2967 180
566 4 63423 0.3519 193
567 2 49381 0.3135 174
568 1 57104 0.2916 165
569 4 68682 0.3441 173
570 1 70318 0.2785 189
571 1 72739 0.2936 167
572 1 57484 0.2928 171
573 2 62121 0.2987 189
574 4 72965 0.3456 168
575 4 73460 0.3363 175
576 2 49830 0.2987 180
577 2 81361 0.3131 188
578 4 65514 0.3537 174
579 2 68157 0.3034 172
580 2 67878 0.3083 183
581 4 55140 0.3302 167
582 3 67091 0.3211 196
583 4 65920 0.3326 161
584 1 42328 0.2847 182
585 1 70370 0.2906 178
586 1 49586 0.2942 151
587 4 72332 0.3325 186
588 3 51975 0.3159 195
589 3 79225 0.3174 182
590 3 79207 0.3215 183
591 4 63652 0.3302 152
592 4 81017 0.3523 164
593 4 64638 0.3357 170
594 1 74185 0.2874 183
595 3 90018 0.3204 183
596 4 63633 0.3409 179
597 3 70552 0.3111 161
598 1 74296 0.2821 184
599 2 65036 0.3046 181
600 2 70528 0.314 173
601 2 69947 0.3062 191
602 4 54403 0.3346 151
603 3 66744 0.3258 165
604 4 63262 0.3405 190
605 3 59329 0.3242 184
606 2 56946 0.3079 194
607 3 70908 0.3291 189
608 3 57937 0.33 189
609 3 59635 0.3345 160
610 1 50554 0.2823 186
611 4 55530 0.3494 179
612 1 63202 0.2888 193
613 4 45181 0.3467 184
614 1 75329 0.2817 165
615 2 57950 0.2951 182
616 3 59585 0.3307 164
617 3 57490 0.3306 168
618 1 78570 0.2757 154
619 1 60034 0.2914 174
620 2 81121 0.2908 164
621 3 64449 0.3131 188
622 2 65882 0.3016 188
623 3 66158 0.3313 184
624 4 53621 0.3403 151
625 4 60253 0.3439 195
626 2 57134 0.3109 177
627 2 58304 0.2904 156
628 4 54851 0.3459 164
629 4 45873 0.3444 187
630 3 75817 0.3296 195
631 3 67501 0.3237 164
632 2 44863 0.3131 168
633 1 43781 0.284 192
634 4 75938 0.3509 183
635 2 67225 0.3052 154
636 3 57184 0.3129 180
637 2 62256 0.2954 194
638 4 84330 0.3548 171
639 3 58623 0.3222 179
640 1 59218 0.2743 173
641 2 70438 0.2909 166
642 1 70486 0.2723 170
643 2 70000 0.3118 183
644 3 92919 0.3324 191
645 3 55355 0.3243 191
646 4 56211 0.3318 197
647 2 57727 0.3122 172
648 2 55550 0.3005 181
649 3 64795 0.3142 186
650 1 59948 0.294 191
651 1 53730 0.271 176
652 2 71617 0.2957 160
653 4 56092 0.334 159
654 3 55413 0.322 184
655 4 38281 0.3482 167
656 2 76536 0.3006 158
657 4 76710 0.3373 154
658 4 76075 0.3388 197
659 1 59264 0.2866 151
660 2 68654 0.305 195
661 3 59249 0.3305 153
662 2 50380 0.3032 181
663 2 85096 0.2986 181
664 4 61364 0.3315 173
665 2 54106 0.2921 157
666 1 50876 0.2882 164
667 2 55961 0.3043 169
668 3 59324 0.3189 166
669 3 79129 0.3222 158
670 2 62733 0.3068 173
671 1 81648 0.2897 183
672 1 64073 0.2737 182
673 2 64619 0.2985 172
674 4 75695 0.3543 190
675 4 51320 0.3376 186
676 3 56177 0.3159 170
677 3 60577 0.3288 192
678 4 61803 0.3512 154
679 1 70855 0.2809 190
680 4 74263 0.3402 173
681 1 74606 0.2753 152
682 4 69774 0.3508 152
683 3 94965 0.3186 157
684 1 64574 0.285 162
685 3 62538 0.314 198
686 1 71486 0.2853 151
687 1 67083 0.2874 153
688 2 67603 0.2994 188
689 3 66428 0.3344 184
690 2 57867 0.3019 156
691 3 62989 0.3134 182
692 4 61225 0.3461 169
693 1 53175 0.287 199
694 4 71777 0.337 166
695 3 57551 0.3103 181
696 2 60991 0.2908 178
697 1 65952 0.2814 168
698 4 65693 0.3354 190
699 3 68305 0.3344 196
700 1 63274 0.2852 172
701 2 54844 0.3024 161
702 3 64548 0.3125 181
703 1 84198 0.2754 176
704 2 56698 0.3014 196
705 3 68726 0.3269 171
706 2 54685 0.2996 194
707 4 48961 0.3422 160
708 1 55601 0.2945 153
709 2 71543 0.3025 176
710 2 41428 0.2995 186
711 3 59974 0.3314 166
712 2 66408 0.3066 161
713 1 62226 0.284 175
714 1 61826 0.2727 171
715 4 61434 0.3468 168
716 3 41755 0.3302 175
717 4 69813 0.335 158
718 2 67258 0.3039 182
719 3 48875 0.3194 199
720 1 45841 0.2723 193
721 3 51437 0.3219 157
722 4 52357 0.3524 158
723 2 70827 0.3061 176
724 3 70184 0.3152 182
725 4 65468 0.3317 178
726 2 58207 0.3112 185
727 1 48235 0.2781 198
728 1 52537 0.2834 175
729 1 69938 0.2727 169
730 1 61765 0.273 169
731 3 75169 0.3145 185
732 4 61645 0.3464 165
733 2 66910 0.2936 198
734 3 64595 0.3152 155
735 3 77046 0.3222 196
736 3 78206 0.3244 159
737 3 87702 0.3207 184
738 3 70849 0.3286 191
739 4 47403 0.3527 160
740 2 69683 0.3102 189
741 2 86362 0.3143 150
742 1 67411 0.277 186
743 2 69058 0.2983 179
744 2 67482 0.3036 183
745 4 53678 0.3455 191
746 3 58713 0.3294 173
747 4 58799 0.3447 192
748 4 54829 0.3385 162
749 4 48495 0.3489 188
750 1 59180 0.2856 199
751 3 78431 0.3216 154
752 1 67755 0.2921 155
753 4 54227 0.3392 151
754 4 67243 0.345 171
755 4 55988 0.3525 186
756 3 79619 0.3323 178
757 4 69569 0.3374 198
758 2 55526 0.2991 182
759 4 60535 0.3509 150
760 4 59598 0.3473 172
761 3 66402 0.334 182
762 1 59077 0.2946 185
763 4 70807 0.3379 175
764 2 66698 0.3114 168
765 1 56398 0.2837 196
766 3 49951 0.3259 188
767 3 86534 0.3335 191
768 4 62945 0.3442 156
769 1 81560 0.2888 169
770 3 61222 0.3328 157
771 2 44424 0.3066 174
772 1 73103 0.2881 150
773 3 74788 0.3119 162
774 4 63154 0.3494 165
775 2 64155 0.2952 157
776 1 53253 0.2871 172
777 3 72258 0.3161 198
778 4 75149 0.3401 175
779 1 54773 0.2711 154
780 1 47693 0.2907 176
781 3 60543 0.3226 171
782 1 48878 0.273 178
783 1 60978 0.2922 195
784 1 44582 0.2912 177
785 3 58936 0.3232 164
786 3 62861 0.3144 186
787 3 79584 0.3344 185
788 3 58867 0.3133 183
789 3 65088 0.3156 167
790 2 56870 0.2983 168
791 2 74690 0.3005 168
792 1 68073 0.2875 172
793 2 73610 0.311 177
794 3 55684 0.3228 151
795 4 54983 0.3351 187
796 1 55726 0.2783 169
797 3 69422 0.3165 175
798 4 68517 0.3377 152
799 1 52428 0.2734 199
800 2 75757 0.3048 183
801 3 78933 0.3251 187
802 1 52313 0.2834 188
803 1 52189 0.2933 191
804 1 51003 0.2802 151
805 3 53886 0.3299 190
806 2 54218 0.3124 198
807 4 62905 0.342 173
808 4 71523 0.3385 158
809 2 62178 0.2914 183
810 3 74014 0.3279 180
811 3 42298 0.3175 172
812 4 60779 0.3356 194
813 2 49902 0.2973 167
814 1 69330 0.2842 163
815 3 60387 0.3227 198
816 1 62067 0.2775 197
817 3 65094 0.3209 159
818 2 47948 0.3144 173
819 1 78398 0.2707 163
820 4 61309 0.3352 184
821 4 69027 0.3308 193
822 3 66188 0.3168 157
823 3 57578 0.311 188
824 2 59782 0.2955 189
825 1 53173 0.2719 186
826 4 56674 0.3512 174
827 2 57013 0.293 197
828 1 64368 0.2918 192
829 2 61706 0.2937 164
830 1 72691 0.2908 152
831 2 63279 0.2925 163
832 4 49923 0.3335 184
833 4 56445 0.3462 187
834 2 52919 0.2918 190
835 4 75616 0.3387 160
836 1 67440 0.2832 156
837 4 67908 0.3357 161
838 4 42810 0.3501 194
839 4 73804 0.3469 191
840 1 83088 0.2884 194
841 2 48974 0.2992 172
842 4 75131 0.35 175
843 3 57419 0.3229 166
844 2 58231 0.3112 183
845 4 61866 0.3344 158
846 4 75893 0.3536 185
847 3 60960 0.3269 175
848 1 57361 0.2718 183
849 3 57981 0.3111 190
850 4 66502 0.3338 195
851 1 63677 0.2733 160
852 1 64510 0.2855 173
853 4 67259 0.351 168
854 2 59338 0.2953 185
855 2 70987 0.3014 188
856 3 67947 0.3119 168
857 4 60711 0.3496 154
858 3 62886 0.3213 155
859 4 52385 0.3343 185
860 4 57346 0.3412 186
861 2 64829 0.3142 171
862 2 65063 0.2912 198
863 2 60459 0.3135 184
864 1 49556 0.2899 163
865 4 73701 0.3415 197
866 2 63925 0.2959 179
867 1 68092 0.2786 198
868 4 79484 0.3396 155
869 3 65564 0.3122 189
870 1 73023 0.2882 199
871 4 48007 0.3522 152
872 1 58032 0.2864 160
873 2 70033 0.3043 168
874 1 47185 0.2921 184
875 4 83905 0.3314 168
876 3 69708 0.31 186
877 1 61866 0.2866 177
878 2 58201 0.2938 159
879 3 78934 0.3291 194
880 3 62298 0.33 161
881 4 64940 0.335 167
882 2 66752 0.3051 176
883 1 60055 0.2755 191
884 4 81939 0.3347 191
885 4 62104 0.3328 160
886 4 59025 0.3544 199
887 4 45053 0.3443 161
888 1 54450 0.2778 177
889 2 51853 0.3028 197
890 2 76608 0.2916 169
891 2 70250 0.3 189
892 3 57373 0.325 168
893 1 50251 0.2794 163
894 1 65149 0.2742 167
895 3 71327 0.3106 185
896 3 64288 0.314 182
897 1 61682 0.2934 179
898 1 93432 0.2724 188
899 1 52374 0.2737 199
900 2 62049 0.2908 153
901 1 61729 0.274 166
902 4 65239 0.339 189
903 3 61248 0.3324 191
904 4 77962 0.3524 179
905 3 82780 0.3253 153
906 2 58143 0.3 193
907 2 61585 0.2967 151
908 2 54712 0.3022 164
909 4 62638 0.3328 180
910 2 48431 0.2981 158
911 1 63878 0.278 187
912 3 56185 0.3186 154
913 3 79656 0.3332 160
914 2 79542 0.2936 156
915 1 66075 0.2781 153
916 4 62617 0.3529 157
917 3 58448 0.3281 170
918 4 70090 0.3394 175
919 4 55916 0.3346 177
920 2 89062 0.3131 190
921 2 69289 0.3085 161
922 4 38101 0.3342 173
923 1 68012 0.2875 177
924 3 69383 0.3208 198
925 4 53302 0.3539 170
926 1 53601 0.292 165
927 2 64025 0.2969 195
928 3 67188 0.324 171
929 2 51359 0.2985 190
930 2 80629 0.2921 153
931 2 75509 0.3146 198
932 4 43919 0.3442 187
933 4 61400 0.3423 198
934 1 56167 0.288 181
935 3 70366 0.3215 194
936 1 64346 0.2896 162
937 4 75885 0.3398 154
938 3 73438 0.3213 200
939 2 52335 0.2917 158
940 2 57525 0.2902 193
941 4 58053 0.3509 187
942 2 44308 0.2998 198
943 2 66330 0.303 160
944 3 87106 0.31 183
945 2 52061 0.3026 198
946 2 74162 0.2951 181
947 4 49071 0.338 163
948 1 70416 0.2895 167
949 3 68903 0.3317 156
950 4 57584 0.337 178
951 2 62437 0.3112 192
952 2 61523 0.3118 198
953 1 49636 0.2884 162
954 3 53652 0.3186 190
955 4 51491 0.3423 190
956 4 63350 0.3354 191
957 1 67361 0.2884 162
958 1 66335 0.2926 155
959 3 54711 0.3272 183
960 1 75778 0.2769 199
961 4 42651 0.3509 186
962 2 65706 0.2962 187
963 3 63247 0.325 182
964 1 75992 0.2711 162
965 4 83723 0.3428 187
966 3 78769 0.3231 161
967 2 47453 0.3012 182
968 3 45981 0.3325 154
969 1 59851 0.2705 185
970 4 64212 0.3421 169
971 4 57064 0.3463 154
972 4 61730 0.3481 165
973 3 77858 0.319 194
974 1 75656 0.2767 178
975 2 80959 0.3085 152
976 3 69686 0.333 197
977 2 61806 0.2924 173
978 3 65441 0.3246 170
979 3 56117 0.3298 168
980 3 56715 0.3225 178
981 3 83239 0.3278 179
982 1 69541 0.2875 160
983 1 76206 0.2841 157
984 2 78139 0.3026 155
985 1 60231 0.2827 163
986 3 64232 0.3272 196
987 1 44180 0.2901 170
988 2 46035 0.3047 178
989 1 71731 0.2781 196
990 4 73044 0.3488 152
991 4 57052 0.3419 186
992 3 56455 0.3343 156
993 2 35752 0.3086 152
994 1 66119 0.285 158
995 1 74371 0.2703 169
996 4 67993 0.3341 185
997 3 58337 0.3156 194
998 3 73597 0.3314 172
999 3 65395 0.3124 155
1000 1 53346 0.2767 200
